100184632
100270342
100360292
100406715
100409229
100500830
100567242
100579856
100698792
100831942
100841102
100985861
101030756
101034041
101040578
101161401
101253765
101322906
101499048
101521783
101614515
101636538
101657581
101761526
101886084
101972046
102084185
102090126
102166656
102217266
102290010
102334978
102344669
102347172
102386476
102411997
102431640
102512447
102626862
102742341
102868254
102885327
102955650
103087915
103122520
103135174
103243118
103319921
103335016
103337983
103340621
103470219
103476678
103498891
103620380
104204684
104268363
104321109
104431237
104910954
104944748
104946137
105109999
105199136
105368545
105377558
105409194
105571134
105617902
105618037
105680159
105684786
105778890
106005854
106207809
106521776
106803250
106840057
106881816
106920058
107176803
107276912
107395879
107524448
107575983
107675159
107692172
107702327
107752375
107782196
107848644
107849290
107921139
107938294
108042717
108116732
108163789
108224183
108239531
108294412
108335554
108336706
108481596
108504919
108517724
108725037
108726055
108744486
108844606
108852283
108864337
108997795
109036970
109203758
109208715
109209049
109211959
109212738
109214495
109216106
109228523
109296625
109316586
109319502
109401063
109456647
109481896
109636007
109636853
109735704
109753948
109772693
109940767
109944544
109960606
110051968
110180945
110280487
110321484
110521477
110556661
110571857
110815947
110920822
110957919
111030012
111105929
111169647
111228733
111229820
111271060
111275222
111399623
111429895
111936704
112104300
112218541
112431474
112484715
112507875
112929860
112965139
112987097
113082966
113087227
113197821
113210000
113233737
113254944
113350323
113629618
113659883
113761849
113793137
113922354
113984527
113986914
114014535
114051665
114057347
114091158
114158355
114181067
114239219
114419538
114478678
114508913
114660268
114742776
114934041
115004796
115027797
115094352
115250317
115267608
115391094
115628480
115724741
115851811
115950734
116158145
116666774
116745434
116747651
116775260
116776151
116783728
116817089
116942327
116950695
116950696
116950697
116950698
116952183
116959140
117051269
117057709
117062484
117170614
117388826
117397873
117495706
117565661
117576403
117716951
117794319
117800951
117830846
117876041
117908292
117935276
118105137
118119211
118151971
118155888
118264264
118707137
118765452
118766407
118779390
118816417
118840403
118880251
118910726
118911593
118976489
119032683
119034135
119131690
119359003
119467058
119471495
119510106
119521575
119670959
119722601
119972450
119980486
120035044
120047474
120160767
120307702
120357557
120466424
120489577
120674617
120708704
120718413
120793791
121914605
121995369
122160790
122350228
122439824
122473662
122516447
122570957
122654331
122659824
122902526
122960972
123009063
123155011
123181867
123501619
123572306
123574479
123629021
123708531
123761064
123939874
123954759
124061033
124087464
124236716
125113205
125114899
125138616
125206820
125229273
125347046
125447930
125528912
125698288
125761260
125778444
125840771
125909679
125910398
126046903
126052327
126125070
126130353
126220953
126373723
126444433
126479870
126616699
126755996
126856105
126879085
126925628
127040043
127138214
127156534
127164225
127304637
127336509
32318617
32431930
32433930
32528915
32564575
32572759
32844608
32900161
32997347
33150817
33186400
33204632
33248566
33405556
33518137
33841314
33910789
33924468
34085394
34324953
34378904
34474260
34478766
34478770
34478774
34509415
34696201
34732780
34822850
34844491
35033659
35064276
35079993
35149612
35213187
35217917
35222606
35478887
35496662
35572493
35657207
35689010
35717762
35843101
36025539
36027280
36142178
36209921
36265584
36307395
36356529
36541475
36576841
36632384
36636463
36679546
36714684
36805536
37217830
37564884
37811260
37942207
37971246
37979811
38039509
38087258
38087412
38087836
38088107
38088312
38088579
38088851
38089025
38089215
38089405
38089644
38089892
38090262
38090496
38090667
38090869
38091082
38091245
38091494
38124099
38135388
45754970
45965213
46494037
46924505
47028260
47731624
47731626
48272579
48748187
48942058
48955733
49303387
49354781
49354788
49653537
49762964
50093730
50170525
50249213
50342706
50437821
50485206
50637519
50806778
50814804
50921506
51012037
51081419
51112213
51242117
51380065
51397766
51409590
51635375
51794546
51929622
51980828
52008890
52058232
52127741
52483176
52640416
52889134
53019034
53071067
53112087
53179043
53180701
53188312
53188652
53189081
53333775
53336994
53357295
53407013
53422784
53434089
53525473
53525581
53533579
53546049
53657581
53752899
53755232
53819837
53822124
53841726
53865545
54007185
54032881
54042732
54065988
54099152
54187349
54337656
54370924
54530982
54553759
54553761
54553762
54553764
54553766
54553768
54568126
54675471
54705188
54734078
54857092
54869347
55277848
55336424
55447358
55546150
55555680
55563601
55634323
55736372
55781328
55931884
55948229
56039927
56122194
56426393
56485097
56511427
56536809
56587330
56587338
56600247
56806829
56806954
56807029
56948564
57006206
57030034
57241543
57434116
57629494
57743622
60945253
61017708
61103749
61120158
61124819
61217025
61223107
61248237
61248470
61301388
61363636
61391619
61409115
61495331
61677867
61851202
62034424
62114237
62238393
62279267
62282400
62285362
62596516
62605439
62858851
62899653
62957410
62983919
63000907
63006505
63044081
63069171
63077602
63098525
63352583
63404238
63473388
63474452
63491368
63561337
63612567
63630631
63649997
63660578
63697415
63714828
63822297
63826669
63829673
63830242
63913133
63964622
63988357
64056395
64149494
64150452
64321037
64336206
64422152
64422161
64510762
64653043
64751074
64778140
64958575
65007849
65106845
65221443
65235089
65290518
65430384
65432812
65434894
65542553
66185866
66213311
66258734
66305299
66322280
66371877
66445762
66446754
66446765
66472271
66517171
66540355
66608348
66764581
66795249
66910615
66929201
67016624
67018810
67066133
67113918
67146300
67177025
67179765
67180839
67201267
67221229
67227161
67320968
67355631
67393190
67463043
67549409
67659223
67660781
67794090
67821620
67983507
68033387
68087307
68098554
68190395
68192144
68203264
68210147
68232982
68538190
68706787
68743502
68752135
68847436
68891703
69031917
69062167
69096004
69213365
69213508
69213643
69215677
69216554
69230426
69238898
69281087
69309295
69378326
69380342
69384653
69483297
69568123
69624470
69626443
69702232
69759002
69816910
69890323
69929650
70098308
70154661
70176014
70192155
70201667
70289232
70322803
70432249
70482263
70592604
70608172
70730462
70748601
70770084
70816930
70822286
70925111
70944901
70989095
71043038
71046408
71065814
71121864
71145900
71171339
71322690
71380524
71384321
71461243
71474786
71487047
71507974
71546063
71854980
71990261
72115264
72223630
72797662
72860597
72890259
73150264
73275636
73325118
73437889
73561466
73570373
73603292
73611207
73711796
73778636
73788411
73799850
73848564
73977980
74003794
74009914
74073332
74085450
74108164
74119144
74171216
74192357
74226422
74289166
74347613
74372073
74386654
74392994
74483890
74513851
74514731
74526487
74586335
74593693
74595457
74604803
74650477
74743157
74815608
74815942
74822816
74824233
74856923
74881885
75064704
75087107
75097412
75122566
75127379
75163369
75199558
75225211
75259722
75483397
75496528
75557616
75590927
75669323
75693166
75710649
75743322
75768555
75768641
75824881
75858495
75903984
75932710
76076451
76142129
76185717
76187026
76276357
76347103
76378237
76423710
76582510
76658608
76660195
76684175
76697093
76819580
77004508
77004883
77123911
77137672
77223204
77275995
77332516
77380238
77456650
77584172
77590301
77614059
77665170
77674000
77696296
77727862
77746346
77910747
77968989
78006973
78015697
78149907
78198928
78209587
78284627
78344918
78648515
78683733
78780364
78844853
78980319
78982690
78994743
79001432
79005834
79139183
79165367
79170966
79192236
79226039
79284520
79349600
79373122
79419906
79576564
79694507
79782867
79793787
79794363
79860596
79897902
79899754
79975717
80031795
80041165
80062677
80259114
80298594
80326713
80400430
80634681
80634991
80635318
80744801
80807534
80849977
80917716
80943395
81032761
81309458
81317054
81377939
81492103
81657479
81696298
81698938
81834631
81868057
81868058
81889422
81907242
81930164
82015165
82030156
82057559
82103536
82152758
82203412
82216365
82303766
82370414
82370416
82572355
82576856
82685540
82703023
82738830
82760164
82793108
82804317
82944462
82978787
83010746
83055678
83197851
83214542
83289301
83335954
83392212
83459099
83470624
83476415
83536819
83541502
83561956
83562463
83733706
83770976
83821375
83860570
83977380
83988377
84212561
84329508
84464411
84510388
84585737
84647226
84729752
84748528
84780815
84805076
84820691
84822965
84876418
84908338
85000774
85078026
85173144
85208907
85265239
85279656
85402246
85446637
85530867
87258982
87270976
87282525
87465242
90456024
90505237
90547396
97038408
97107492
97146914
97218272
97249427
97302008
97395635
97418750
97485640
97554880
97666122
97683284
97696821
97713631
97715764
97736920
97751022
97764914
97799984
97801699
97835607
97839894
97923489
98199199
98295905
98301131
98386303
98393702
98418361
98419274
98422144
98475875
98557459
98563531
98646629
98749510
